0.395463 0.744592 1.6169
0.307763 0.607677 1.66211
0.502915 0.557569 1.76318
0.500694 0.816433 1.67008
0.404139 0.618671 1.68836
0.418215 0.800526 1.56858
0.313453 0.567955 1.69216
0.419317 0.611277 1.69321
0.545559 0.609793 1.74809
0.263513 0.534419 1.69353
0.458051 0.61589 1.72612
0.284558 0.609778 1.65109
0.319001 0.585778 1.68339
0.413498 0.629697 1.68944
0.314175 0.561799 1.69525
0.546882 0.617333 1.74432
0.323069 0.627807 1.65956
0.399902 0.674399 1.66169
0.498161 0.587982 1.74448
0.510548 0.801745 1.68508
0.289652 0.581781 1.67092
0.478781 0.553487 1.75925
0.509099 0.806424 1.68157
0.528745 0.615836 1.7365
0.264721 0.550144 1.68338
0.322403 0.871757 1.55971
0.418655 0.880001 1.59088
0.319766 0.877283 1.55085
0.489203 0.830518 1.6577
0.298536 0.585265 1.67323
0.310677 0.578444 1.68372
0.498173 0.586028 1.7452
0.406481 0.705609 1.64852
0.327579 0.63191 1.66233
0.29603 0.609823 1.65535
0.286258 0.570823 1.67725
0.296661 0.57594 1.67784
0.403423 0.708978 1.64704
0.491871 0.640673 1.70954
0.455975 0.590419 1.73806
0.322915 0.701363 1.65821
0.282407 0.860569 1.55177
0.250265 0.788509 1.5864
0.334064 0.598358 1.68471
0.556097 0.546972 1.78903
0.243747 0.801186 1.57879
0.283336 0.610053 1.65041
0.352918 0.619746 1.68592
0.479975 0.659953 1.70233
0.488172 0.58702 1.74309
0.292273 0.774145 1.6016
0.344576 0.760741 1.59546
0.413857 0.586628 1.69751
0.29177 0.611447 1.65301
0.304345 0.611933 1.65795
0.463778 0.643678 1.71014
0.328241 0.587614 1.68653
0.537022 0.608006 1.74565
0.559088 0.551962 1.78912
0.455753 0.592144 1.73683
0.291735 0.531121 1.70554
0.290052 0.611457 1.65123
0.45151 0.620159 1.72213
0.462197 0.611636 1.72719
0.274347 0.607221 1.64976
0.453503 0.65216 1.70419
0.550934 0.613595 1.75131
0.282357 0.571475 1.67524
0.308333 0.612208 1.65915
0.349304 0.577391 1.70349
0.296798 0.751277 1.61837
0.274389 0.607342 1.65008
0.509613 0.74435 1.7124
0.322697 0.701892 1.65775
0.32162 0.588222 1.68375
0.44413 0.896537 1.59114
0.325715 0.588684 1.68478
0.259175 0.734038 1.62482
0.391446 0.897484 1.56153
0.35861 0.570735 1.71133
0.295858 0.75763 1.61432
0.358662 0.774561 1.57668
0.548354 0.554256 1.78101
0.250546 0.792024 1.58493
0.257668 0.739768 1.62261
0.396993 0.734531 1.6248
0.413004 0.803533 1.56808
0.352959 0.612957 1.68963
0.554313 0.611253 1.75381
0.456043 0.888599 1.60334
0.237512 0.834458 1.56004
0.422866 0.886408 1.58778
0.343975 0.865647 1.57251
0.282587 0.581666 1.66796
0.492666 0.830428 1.65621
0.264052 0.524271 1.69925
0.327953 0.881037 1.54911
0.278381 0.599454 1.65498
0.322434 0.585707 1.68385
0.531681 0.643881 1.72047
0.557178 0.584696 1.76985
0.518007 0.745648 1.71809
0.542388 0.649858 1.72441
0.509515 0.608775 1.73489
0.486987 0.610953 1.72822
0.358469 0.775043 1.57617
0.475233 0.613432 1.7258
0.266865 0.595722 1.65401
0.240136 0.56511 1.67261
0.424352 0.900019 1.57716
0.345089 0.598145 1.67905
0.484068 0.582128 1.74551
0.386801 0.713621 1.83124
0.466924 0.783919 1.66587
0.459149 0.732617 1.69221
0.476528 0.623645 1.72128
0.315295 0.617111 1.65963
0.34606 0.60404 1.69016
0.38778 0.763146 1.60241
0.290344 0.762898 1.61021
0.46463 0.618845 1.72399
0.295688 0.756118 1.61536
0.494286 0.653749 1.7056
0.249061 0.783981 1.58961
0.310002 0.616697 1.65816
0.4923 0.625246 1.721
0.490559 0.647251 1.70756
0.586203 0.544181 1.808
0.287129 0.61254 1.65056
0.244246 0.804323 1.57649
0.420887 0.887613 1.58616
0.219509 0.567373 1.67838
0.540925 0.620809 1.73912
0.494042 0.608543 1.73257
0.486158 0.620463 1.72429
0.231256 0.565781 1.67512
0.51404 0.801093 1.68718
0.35815 0.774875 1.57562
0.289241 0.559292 1.68627
0.290539 0.855418 1.55746
0.563898 0.548875 1.79269
0.490562 0.560219 1.75895
0.259149 0.795397 1.58376
0.344337 0.654157 1.67305
0.317188 0.587719 1.68206
0.479795 0.876835 1.62852
0.499093 0.741125 1.70879
0.349605 0.652944 1.67056
0.359733 0.630247 1.68438
0.495019 0.831236 1.6578
0.338433 0.593109 1.68972
0.540022 0.644535 1.72496
0.320181 0.864297 1.56346
0.494794 0.809202 1.66878
0.453483 0.618659 1.72199
0.353198 0.614358 1.6894
0.439788 0.697753 1.69281
0.305633 0.856031 1.55944
0.453194 0.646703 1.70877
0.276537 0.708901 1.64775
0.545803 0.660726 1.74214
0.330937 0.598092 1.68346
0.253603 0.782702 1.59047
0.291122 0.848745 1.56404
0.269101 0.590163 1.65876
0.484622 0.654435 1.70476
0.4034 0.832918 1.62673
0.492795 0.630236 1.7178
0.240791 0.768829 1.59815
0.471138 0.778211 1.67173
0.301192 0.579728 1.67956
0.340095 0.602796 1.6856
0.4951 0.412625 1.76699
0.490646 0.649921 1.70732
0.216139 0.50367 1.70877
0.471926 0.616285 1.72525
0.448947 0.627841 1.718
0.266473 0.746585 1.61883
0.280297 0.602698 1.65345
0.329564 0.597513 1.68186
0.318082 0.592073 1.67752
0.261199 0.554375 1.6797
0.542305 0.634863 1.73099
0.327215 0.611978 1.72299
0.232423 0.565036 1.67852
0.547652 0.602292 1.75365
0.294971 0.529162 1.7057
0.490642 0.651697 1.70558
0.358117 0.763938 1.58532
0.560384 0.565506 1.78167
0.26069 0.708303 1.64411
0.474315 0.613351 1.72749
0.451263 0.607832 1.72913
0.464566 0.774404 1.66927
0.514419 0.652523 1.70909
0.291725 0.589672 1.63945
0.437057 0.663247 1.69965
0.43942 0.889515 1.59357
0.474193 0.622933 1.72215
0.259515 0.587992 1.65874
0.275407 0.580058 1.66689
0.48799 0.621036 1.72268
0.539878 0.599118 1.75167
0.420811 0.910889 1.56288
0.290535 0.770295 1.60502
0.446021 0.908015 1.58417
0.439284 0.645798 1.709
0.310772 0.58155 1.68036
0.425389 0.905845 1.57029
0.29445 0.562099 1.68566
0.38026 0.758417 1.60483
0.390481 0.902625 1.5486
0.485612 0.589654 1.7418
0.441266 0.893775 1.59172
0.267964 0.589018 1.66
0.547004 0.591638 1.75874
0.44276 0.899861 1.58796
0.291095 0.850611 1.56201
0.288269 0.609172 1.65241
0.309551 0.538186 1.70606
0.549298 0.657774 1.73924
0.261218 0.742142 1.62105
0.537782 0.612371 1.76408
0.412884 0.888619 1.58071
0.472106 0.778599 1.67245
0.291167 0.850776 1.5623
0.2912 0.77758 1.59879
0.326068 0.573649 1.69392
0.540414 0.643284 1.72477
0.461366 0.738895 1.69008
0.520619 0.634378 1.72049
0.54925 0.570815 1.77281
0.375316 0.755492 1.59749
0.456109 0.754195 1.6779
0.280786 0.853517 1.55634
0.277043 0.61745 1.64473
0.540657 0.589288 1.75804
0.294184 0.59144 1.66562
0.317474 0.879205 1.54606
0.339279 0.604298 1.68545
0.450897 0.592545 1.73499
0.436287 0.662584 1.70049
0.299029 0.567578 1.68445
0.351876 0.771083 1.57984
0.531466 0.738959 1.72845
0.323769 0.863091 1.5659
0.262547 0.583575 1.66304
0.295569 0.540991 1.69897
0.568439 0.590631 1.7754
0.316616 0.592574 1.67708
0.525288 0.631331 1.72521
0.530295 0.739155 1.72977
0.52328 0.787046 1.70088
0.494555 0.828431 1.65869
0.53035 0.612327 1.74025
0.274941 0.710394 1.64585
0.27963 0.610689 1.64882
0.459481 0.722881 1.69433
0.309478 0.595371 1.67464
0.285711 0.761897 1.60914
0.336124 0.583402 1.65057
0.347369 0.565837 1.70781
0.478669 0.591426 1.7401
0.5132 0.653682 1.70979
0.482522 0.58564 1.74245
0.458118 0.890074 1.60409
0.465375 0.624825 1.72046
0.328554 0.599862 1.68144
0.296391 0.600458 1.66021
0.408448 0.886398 1.58117
0.450183 0.594037 1.73258
0.315356 0.85501 1.5687
0.462116 0.779364 1.66513
0.285183 0.619627 1.64691
0.25118 0.823882 1.56521
0.360357 0.578817 1.70938
0.341656 0.58357 1.69807
0.432903 0.88362 1.59457
0.251339 0.56544 1.67302
0.431095 0.682916 1.68884
0.379922 0.90457 1.55248
0.485939 0.595095 1.73917
0.429805 0.641293 1.69925
0.460537 0.634648 1.71355
0.462663 0.804009 1.65044
0.514508 0.764084 1.70448
0.468992 0.655319 1.70447
0.25823 0.799913 1.58191
0.526864 0.674091 1.71066
0.311693 0.586185 1.6804
0.464565 0.62637 1.71999
0.275586 0.752075 1.61742
0.511436 0.79778 1.68768
0.449531 0.606984 1.72999
0.573975 0.574831 1.78677
0.533415 0.635154 1.72604
0.379798 0.753159 1.60227
0.573855 0.575591 1.78608
0.25738 0.803405 1.58041
0.351122 0.58165 1.69894
0.466988 0.621205 1.72311
0.473313 0.770037 1.67774
0.503291 0.609779 1.73301
0.280551 0.824876 1.57429
0.485905 0.647617 1.70745
0.564355 0.567349 1.78331
0.409466 0.904417 1.56234
0.266056 0.586621 1.65921
0.304586 0.587933 1.67409
0.494983 0.550354 1.76347
0.326135 0.864587 1.56582
0.271461 0.773049 1.6
0.48359 0.58807 1.74199
0.271608 0.776241 1.59731
0.251172 0.844867 1.55489
0.357695 0.768512 1.58211
0.546422 0.59818 1.75562
0.389375 0.698499 1.64487
0.475183 0.784598 1.67076
0.294912 0.580073 1.67413
0.475774 0.588288 1.7415
0.457213 0.723766 1.69417
0.473531 0.77218 1.6765
0.359024 0.603809 1.69754
0.346504 0.569619 1.70615
0.555791 0.596985 1.7622
0.270148 0.602279 1.65158
0.427173 0.912301 1.56599
0.573423 0.58001 1.78408
0.280486 0.822757 1.57537
0.550151 0.595379 1.75883
0.257286 0.804072 1.57975
0.521417 0.762311 1.71093
0.553822 0.631753 1.74197
0.441701 0.66036 1.70245
0.463791 0.627749 1.71866
0.550216 0.595588 1.75862
0.296889 0.605084 1.65818
0.522667 0.606688 1.74148
0.454927 0.791475 1.6518
0.328986 0.865248 1.56628
0.478363 0.779716 1.67551
0.453899 0.881875 1.60696
0.319711 0.623263 1.66165
0.258841 0.575918 1.66498
0.279628 0.590657 1.66209
0.443195 0.65018 1.70656
0.537276 0.634053 1.72928
0.496371 0.551133 1.76242
0.488609 0.552435 1.76161
0.378672 0.882184 1.57341
0.455862 0.870748 1.615
0.354992 0.575117 1.70784
0.450923 0.919908 1.57931
0.242969 0.782207 1.59005
0.285428 0.619911 1.64634
0.471244 0.734871 1.70327
0.522417 0.601939 1.74301
0.332417 0.586246 1.69059
0.318645 0.706379 1.65334
0.427122 0.672168 1.68971
0.397085 0.703097 1.64303
0.254497 0.816278 1.57308
0.445818 0.920484 1.57392
0.324689 0.855516 1.57145
0.429422 0.64229 1.70309
0.491718 0.558013 1.75965
0.360378 0.609233 1.69796
0.454383 0.77782 1.65881
0.475553 0.588394 1.74171
0.422102 0.659143 1.68447
0.304307 0.836883 1.5707
0.354691 0.640861 1.67319
0.481749 0.823172 1.65081
0.494785 0.746388 1.70176
0.30164 0.853635 1.56291
0.280865 0.606627 1.65105
0.275776 0.599343 1.65346
0.417467 0.95536 1.54376
0.424825 0.531973 1.72393
0.398742 0.62422 1.68358
0.330374 0.577666 1.69628
0.517938 0.599748 1.74408
0.24732 0.525025 1.69698
0.473227 0.759908 1.68359
0.304232 0.564939 1.68752
0.316932 0.558816 1.69741
0.45205 0.631737 1.71867
0.296979 0.785389 1.5873
0.321857 0.627497 1.66411
0.461664 0.782419 1.66255
0.288222 0.522193 1.71
0.537065 0.569311 1.76797
0.586731 0.555046 1.80556
0.26273 0.775939 1.59661
0.397717 0.630313 1.68121
0.26968 0.724434 1.6365
0.485906 0.628593 1.71884
0.479002 0.585296 1.74291
0.464235 0.752109 1.68209
0.269395 0.724625 1.63408
0.447319 0.589571 1.73388
0.354912 0.578178 1.70662
0.378399 0.881896 1.57449
0.469675 0.739029 1.70081
0.432832 0.681619 1.69008
0.299753 0.594517 1.66737
0.415265 0.895441 1.57601
0.245229 0.768129 1.5989
0.486768 0.777169 1.68133
0.418497 0.752094 1.6253
0.499327 0.552358 1.69271
0.559624 0.581884 1.77326
0.436907 0.711647 1.68421
0.468024 0.736093 1.69801
0.53808 0.636419 1.72752
